# # # # # # # # # # # # # # # # # # # # # # # # # # # # # # # # # # # # # # #  

# Create Nested List with Ticker, Start Date, End Date, Securities Number 

# # # # # # # # # # # # # # # # # # # # # # # # # # # # # # # # # # # # # # # 

nest.df <- list(list("UNM", c("2022-07-19"), c("2023-09-22"), c(1)),
                list("SWBI", c("2022-07-19", "2022-09-30"),
                     c("2022-09-29", "2023-09-22"), c(2, 3)),
                list("VSTO", c("2022-07-19"), c("2023-09-22"), c(2)),
                list("T", c("2022-07-19", "2022-07-21"),
                     c("2022-07-20", "2023-09-22"), c(2, 3)),
                list("WBA", c("2022-07-19"), c("2023-09-22"), c(1)),
                list("AMZN", c("2022-07-19"), c("2023-09-22"), c(1)),
                list("JEF", c("2022-07-19"), c("2023-09-22"), c(2)),
                list("HPQ", c("2022-07-19"), c("2023-09-22"), c(2)),
                list("TPH", c("2022-07-21"), c("2023-09-22"), c(3)),
                list("F", c("2022-07-21"), c("2023-09-22"), c(4)),
                list("C", c("2022-07-21"), c("2023-09-22"), c(1)),
                list("TSN", c("2022-07-21"), c("2023-09-22"), c(1)),
                list("WERN", c("2022-07-21"), c("2023-09-22"), c(2)),
                list("GOOGL", c("2022-07-26"), c("2023-09-22"), c(1)),
                list("MU", c("2022-07-26"), c("2023-09-22"), c(1)),
                list("AIG", c("2022-07-26"), c("2023-09-22"), c(1)),
                list("NRG", c("2022-07-26"), c("2023-09-22"), c(1)),
                list("ARCH", c("2022-07-27"), c("2023-09-22"), c(1)),
                list("ALLY", c("2022-07-28"), c("2023-09-22"), c(1)),
                list("FL", c("2022-07-29"), c("2023-09-22"), c(2)),
                list("VALE", c("2022-07-29"), c("2023-09-22"), c(4)),
                list("STLA", c("2022-07-29"), c("2023-09-22"), c(4)),
                list("HPE", c("2022-07-29"), c("2023-09-22"), c(4)),
                list("BFH", c("2022-07-29"), c("2023-09-22"), c(1)),
                list("PARA", c("2022-07-29"), c("2023-09-22"), c(2)),
                list("COF", c("2022-08-01"), c("2023-09-22"), c(1)),
                list("VOYA", c("2022-08-01"), c("2023-09-22"), c(1)),
                list("VIR", c("2022-08-15", "2022-09-30"),
                     c("2022-09-29", "2023-09-22"), c(1, 2)),
                list("ZIM", c("2022-08-15", "2022-08-26", "2022-09-30"),
                     c("2022-08-25", "2022-09-29", "2023-09-22"), c(1, 2, 3)),
                list("PVH", c("2022-09-30"), c("2023-09-22"), c(1)),
                list("VIRT", c("2022-09-30"), c("2023-09-22"), c(1)),
                list("FLGT", c("2022-09-30"), c("2023-09-22"), c(1)))
